0.000000
2.400000
4.480000
4.760000
6.080000
8.400000
10.240000
12.640000
14.320000
15.080000
17.480000
19.600000
21.240000
23.640000
24.240000
26.640000
29.040000
29.360000
30.920000
33.320000
34.240000
36.640000
38.800000
41.200000
42.360000
44.160000
46.560000
48.960000
49.280000
51.680000
54.080000
54.560000
56.840000
59.240000
60.040000
62.440000
63.560000
65.280000
67.680000
69.560000
71.960000
74.360000
74.880000
77.280000
78.600000
80.000000
82.400000
84.800000
85.040000
87.440000
89.800000
92.200000
94.600000
95.000000
97.080000
99.480000
100.480000
101.680000
104.080000
104.560000
106.960000
109.360000
110.040000
112.000000
114.160000
115.520000
116.880000
118.240000
120.640000
120.960000
123.360000
125.760000
126.080000
127.120000
129.520000
131.200000
133.600000
136.000000
136.320000
137.600000
139.480000
140.960000
143.360000
145.760000
146.120000
148.520000
150.920000
151.600000
154.000000
156.400000
156.800000
159.200000
161.600000
161.920000
164.320000
166.720000
167.040000
169.440000
170.480000
172.160000
174.560000
176.960000
177.280000
179.680000
182.080000
182.400000
184.800000
187.200000
187.520000
189.920000
191.480000
192.760000
194.520000
196.920000
197.760000
200.160000
202.560000
202.880000
205.280000
206.720000
208.000000
209.400000
211.800000
212.040000
214.440000
216.840000
217.520000
219.680000
222.080000
222.720000
225.120000
227.520000
227.840000
230.240000
232.640000
232.960000
234.760000
237.080000
239.480000
241.880000
242.560000
243.600000
246.000000
247.680000
250.080000
251.400000
252.800000
255.200000
257.040000
259.440000
261.840000
262.400000
264.760000
267.040000
269.440000
271.600000
274.000000
276.400000
277.080000
278.560000
280.040000
282.160000
283.600000
285.000000
287.360000
289.000000
291.080000
292.480000
294.880000
297.280000
297.360000
298.840000
301.240000
302.720000
305.120000
307.520000
307.840000
310.240000
312.640000
313.040000
314.600000
317.000000
317.600000
319.720000
321.880000
323.120000
324.840000
327.120000
328.800000
330.000000
331.840000
333.280000
334.800000
337.200000
337.280000
338.280000
340.680000
342.400000
344.800000
347.200000
347.520000
349.920000
352.160000
354.560000
356.320000
358.360000
360.520000
362.360000
363.400000
365.800000
366.000000
368.400000
370.480000
372.520000
374.360000
375.680000
378.080000
379.200000
380.800000
382.640000
385.040000
385.320000
387.720000
390.120000
390.400000
391.720000
394.120000
395.520000
397.920000
400.320000
400.640000
402.680000
404.400000
405.760000
408.160000
410.560000
410.720000
413.120000
414.600000
416.000000
417.040000
419.440000
421.120000
422.440000
424.840000
425.520000
427.520000
429.920000
430.640000
431.920000
434.320000
435.840000
436.920000
439.320000
440.640000
442.640000
444.640000
445.760000
448.160000
450.560000
451.200000
453.600000
455.240000
457.640000
460.040000
460.080000
462.480000
464.120000
466.040000
468.440000
469.560000
471.960000
474.360000
474.880000
476.920000
479.000000
481.400000
482.840000
484.480000
486.880000
489.280000
489.880000
492.280000
494.680000
494.920000
496.880000
499.280000
499.960000
502.000000
504.400000
505.400000
507.800000
509.080000
510.520000
512.920000
515.320000
515.960000
518.360000
520.760000
520.960000
522.640000
524.600000
526.080000
528.480000
530.880000
531.560000
533.960000
536.360000
536.960000
539.360000
541.760000
542.080000
544.480000
546.520000
548.920000
551.320000
551.680000
554.080000
556.480000
556.800000
559.200000
560.400000
561.720000
564.120000
566.520000
567.040000
569.440000
571.840000
572.160000
573.280000
575.680000
577.280000
579.680000
581.200000
582.400000
584.640000
587.040000
587.520000
589.920000
591.720000
594.120000
596.520000
597.120000
599.040000
601.440000
602.600000
605.000000
607.400000
607.800000
609.640000
612.040000
613.920000
616.320000
616.760000
619.120000
621.520000
622.080000
624.480000
625.680000
627.200000
628.760000
630.720000
632.040000
634.000000
636.360000
638.760000
641.120000
643.520000
645.920000
646.400000
648.040000
650.440000
651.520000
652.840000
655.240000
656.520000
657.600000
660.000000
660.800000
663.200000
664.920000
666.360000
668.760000
668.960000
671.360000
673.760000
674.440000
675.680000
676.960000
679.280000
681.680000
684.080000
684.760000
686.560000
688.240000
689.920000
691.080000
693.480000
694.600000
696.760000
699.160000
700.080000
702.480000
704.880000
705.240000
707.160000
709.480000
711.880000
713.960000
716.120000
718.120000
720.520000
722.920000
723.200000
725.600000
726.720000
728.000000
730.400000
731.960000
733.440000
735.840000
738.240000
738.560000
739.880000
742.280000
742.880000
745.280000
747.680000
748.160000
749.760000
752.160000
752.760000
755.160000
757.560000
757.760000
759.080000
761.480000
762.880000
765.280000
767.680000
768.080000
769.320000
771.000000
773.120000
775.520000
777.280000
779.200000
780.520000
782.720000
784.360000
786.760000
787.720000
790.120000
792.520000
793.160000
795.560000
797.960000
798.600000
801.000000
803.400000
803.840000
806.240000
808.640000
808.960000
811.360000
812.640000
814.080000
816.480000
817.720000
819.280000
820.680000
822.160000
824.120000
824.760000
827.080000
828.200000
829.160000
830.720000
833.120000
833.480000
835.880000
838.280000
838.360000
840.760000
842.720000
845.120000
846.600000
848.120000
850.440000
852.240000
854.640000
857.040000
857.480000
859.880000
861.080000
862.600000
865.000000
866.520000
867.840000
869.760000
871.520000
872.960000
875.360000
876.880000
878.080000
880.480000
882.880000
883.200000
885.600000
888.000000
888.320000
890.720000
892.240000
893.440000
895.840000
897.480000
899.880000
902.280000
902.960000
904.320000
905.840000
908.160000
910.560000
911.720000
912.480000
914.880000
916.520000
918.720000
921.120000
921.480000
923.080000
924.400000
926.720000
928.440000
930.640000
