0.041656
1.083322
2.125000
3.166667
4.208322
5.250000
6.291667
7.083322
8.125000
9.166667
10.208322
11.250000
12.291667
13.333322
14.041667
15.083322
16.125000
17.166667
18.208322
19.250000
20.291667
21.333322
22.375000
23.416667
24.458322
25.500000
26.541667
27.583322
28.625000
29.666667
30.708322
31.750000
32.791667
33.833322
34.875000
35.916667
36.958322
38.000000
39.041667
40.083322
41.125000
42.166667
43.208322
44.250000
45.291667
46.333322
47.375000
48.416667
49.458322
50.500000
51.541667
52.583322
53.625000
54.666667
55.708322
56.750000
57.791667
58.833322
59.875000
60.916667
61.958322
63.000000
64.041667
65.083322
66.125000
67.166667
68.208322
69.250000
70.291667
71.333322
72.375000
73.416667
74.458322
75.500000
76.541667
77.583322
78.625000
79.666667
80.708322
81.750000
82.791667
83.833322
84.875000
85.916667
86.958322
88.000000
89.041667
90.083322
91.125000
92.166667
93.208322
94.250000
95.291667
96.333322
97.375000
98.416667
99.458322
100.500000
101.541667
102.583322
103.625000
104.666667
105.708322
106.750000
107.791667
108.833322
109.875000
110.916667
111.458322
112.500000
113.500000
114.541667
115.583322
116.625000
117.666667
118.708322
119.750000
120.791667
121.833322
122.875000
123.916667
124.958322
126.000000
127.041667
128.083322
129.125000
130.166667
131.208322
132.250000
133.291667
134.333322
135.375000
136.416667
137.458322
138.500000
139.541667
140.583322
141.625000
142.666667
143.708322
144.750000
145.791667
146.833322
147.875000
148.916667
149.958322
151.000000
152.041667
153.083322
154.125000
155.166667
156.208322
157.250000
158.291667
159.333322
160.375000
161.416667
162.458322
163.500000
164.541667
165.583322
166.625000
167.666667
168.708322
169.750000
170.791667
171.833322
172.875000
173.916667
174.958322
176.000000
177.041667
178.083322
179.125000
180.166667
181.208322
182.250000
183.291667
184.333322
185.375000
186.416667
187.458322
188.500000
189.541667
190.583322
191.625000
192.375000
193.416667
194.458322
195.500000
196.541667
197.583322
198.625000
199.666667
200.708322
201.750000
202.791667
203.833322
204.875000
205.916667
206.958322
208.000000
209.041667
210.083322
211.125000
212.166667
213.208322
214.250000
215.291667
216.333322
217.375000
218.416667
219.458322
220.500000
221.541667
222.583322
223.625000
224.666667
225.708322
226.750000
227.791667
228.833322
229.875000
230.916667
231.958322
233.000000
234.041667
235.083322
236.125000
237.166667
237.833322
238.875000
239.916667
240.958322
242.000000
243.041667
244.083322
245.125000
246.166667
247.208322
248.250000
249.291667
250.333322
251.375000
252.333322
253.375000
254.416667
255.458322
256.500000
257.541667
258.583322
